chr1
10154	3.2005416144541
64992504	3.2005416144541
64992505	35.633919388435
64992506	25.9039060562407
64992508	3.2005416144541
156186572	3.2005416144541
234239137	6.44387939185219
234239138	9.68721716925028


chr11
36593740	6.16719786798201
36594124	5.09706910389959
36594302	4.02694033981717
36594359	4.02694033981717
36594360	4.02694033981717
36594361	4.02694033981717
36594403	5.09706910389959
36594437	5.09706910389959
36594569	5.09706910389959
36594601	5.09706910389959
36594679	5.09706910389959
36594693	5.09706910389959
36594716	4.02694033981717
36594755	8.30745539614684
36594803	4.02694033981717
36594804	4.02694033981717
36594824	4.02694033981717
36594830	5.09706910389959
36594832	4.02694033981717
36594836	6.16719786798201
36594837	6.16719786798201
36594839	5.09706910389959
36594851	4.02694033981717
36594856	4.02694033981717
36594862	4.02694033981717
36594864	5.09706910389959
36594872	4.02694033981717
36594876	13.6580992165589
36594877	44.6918333749491
36594878	21.1490005651359
36594879	5.09706910389959
36594880	5.09706910389959
36594883	6.16719786798201
36594908	4.02694033981717
36595029	7.23732663206443
36595183	6.16719786798201
36595389	4.02694033981717
65384483	5.09706910389959
94992865	9.37758416022926
94992866	22.2191293292183
116558864	13.6580992165589
116558865	6.16719786798201


chr12
47002987	22.6159045713729
47002988	20.553987085857
103218302	3.3713413732249


chr13
49046035	8.68566023270812
49046036	4.31481185753887
49046044	26.1690537333851
49046045	8.68566023270812


chr14
78583288	15.5805052262899
78583289	18.7091417098794


chr15
68132383	11.964405618759
68132632	21.0166201987251
75746659	5.92959589878165
75746660	5.92959589878165


chr16
49079085	10.055498289441
49079112	20.1770425446583
87367080	10.055498289441


chr17
6807486	17.5369437371611
6807487	17.5369437371611
37542366	7.2617767024301
37542367	11.6654197173148


chr18
63740	21.2132555820501


chr19
1417538	5.99229728548852
1417539	18.1545353969565
1417540	15.1139758690895
1417542	4.97877744286619


chr2
233648112	39.153552220275


chr20
3557932	20.113279415944
3557933	5.99254600665211


chr22
17622290	6.20763063496425
39189827	12.5039417075708
45022454	12.5039417075708


chr3
184355624	35.2562165186914


chr4
26433121	3.59420255874342
26433123	29.1558136514764
26433124	14.5491787413433
26433140	3.59420255874342
181516464	3.59420255874342
191044110	3.59420255874342
191044122	3.59420255874342
191044136	3.59420255874342


chr6
112066765	8.38937701441294
119558561	33.6622879537519


chr7
38350369	14.1503752581686
38350370	7.57839616099245
103631185	4.29240661240436
112930560	17.4363648067567
112930561	13.0550454086393
155931155	5.38773646193373
155931156	8.67372601052182
155931157	16.3410349572274


chr8
6693210	3.59772506895371
143626858	29.048455468505


chrM
14990	7.41738119956424


chrX
84663492	7.21697517602335
99070238	29.0202187731351
99070239	7.21697517602335
108297734	7.21697517602335


chrY
10021331	5.10252038562457


